 0.000000 1285.213623
 0.999900 1285.228760
 1.566191 1285.228760
 2.566090 1285.250244
 3.132382 1285.259277
 4.132281 1285.222656
 4.698573 1285.204346
 5.698472 1285.125244
 6.264764 1285.125244
 7.264663 1285.103882
 7.933380 1285.024658
 8.933280 1285.024658
 9.500270 1285.021606
 10.500170 1285.052002
 11.067160 1285.052002
 12.067060 1285.042969
 12.634050 1285.125244
 13.633949 1285.198242
 14.200940 1285.198242
 15.200839 1285.240967
 15.757338 1285.189209
 16.757237 1285.347778
 17.327065 1285.362915
 18.326965 1285.204346
 18.897269 1285.204346
 19.897168 1285.295898
 20.467301 1285.314209
 21.467201 1285.314209
 22.037314 1285.286743
 23.037214 1285.259277
 23.607328 1285.259277
 24.607227 1285.231934
 25.177341 1285.277588
 26.177240 1285.347778
 26.747354 1285.347778
 27.747253 1285.432983
 28.317367 1285.432983
 29.317267 1285.594604
 29.887380 1285.600708
 30.887280 1285.628052
 31.457393 1285.628052
 32.457293 1285.542847
 33.099478 1285.576294
 34.099377 1285.506226
 35.099277 1285.536743
 35.444397 1285.594604
 36.444296 1285.628052
 37.444196 1285.628052
 37.798762 1285.625122
 38.798662 1285.673828
 39.798561 1285.722656
 40.161214 1285.722656
 41.161114 1285.740967
 42.161013 1285.753174
 42.583592 1285.753174
 43.583492 1285.756104
 44.583392 1285.695190
 44.933118 1285.695190
 45.933018 1285.692139
 46.932918 1285.646362
 47.282423 1285.600708
 48.282323 1285.600708
 49.282222 1285.451294
 49.631728 1285.448364
 50.631628 1285.472778
 51.631527 1285.402588
 52.011426 1285.402588
 53.011326 1285.347778
 54.011225 1285.323364
 54.359282 1285.207520
 55.359181 1285.204346
 56.359081 1285.207520
 56.758024 1285.207520
 57.757923 1285.167969
 58.757823 1285.204346
 59.102959 1285.262451
 60.102858 1285.347778
 61.102758 1285.417847
 61.447894 1285.417847
 62.447793 1285.551880
 63.447693 1285.625122
 63.855677 1285.625122
 64.855577 1285.649414
 65.855476 1285.673828
 66.205585 1285.673828
 67.205484 1285.734863
 68.205384 1285.811035
 68.555492 1285.829346
 69.555391 1285.853760
 70.555291 1285.853760
 70.905399 1285.853760
 71.905299 1285.936035
 72.905198 1285.865967
 73.254474 1285.865967
 74.254373 1285.865967
 75.254273 1285.847656
 75.689335 1285.847656
 76.689235 1285.823242
 77.689134 1285.634155
 78.032961 1285.634155
 79.032860 1285.551880
 80.032760 1285.567261
 80.356910 1285.548950
 81.356809 1285.530640
 82.356709 1285.494019
 82.686788 1285.494019
 83.686688 1285.469604
 84.686588 1285.445190
 85.012891 1285.496948
 86.012790 1285.500122
 87.012690 1285.548950
 87.300616 1285.548950
 88.300516 1286.006104
 89.300416 1286.073120
 89.630843 1286.073120
 90.630743 1286.124878
 91.630642 1286.192017
 92.020940 1286.192017
 93.020839 1286.188843
 94.020739 1286.192017
 94.381536 1286.204224
 95.381435 1286.228638
 96.381335 1286.253052
 96.735759 1286.253052
 97.735659 1286.259033
 98.735558 1286.301758
 99.110847 1286.301758
 100.110746 1286.283447
 101.110646 1286.246948
 101.467013 1286.246948
 102.466913 1286.298706
 103.466812 1286.298706
 103.754708 1286.307861
 104.754608 1286.323120
 105.754507 1286.341309
 106.102942 1286.384033
 107.102841 1286.393188
 108.102741 1286.472412
 108.500859 1286.481689
 109.500758 1286.509033
 110.500658 1286.521240
 110.875836 1286.521240
 111.875735 1286.521240
 112.875635 1286.505859
 113.227529 1286.524170
 114.227429 1286.524170
 115.227329 1286.588257
 115.581755 1286.624756
 116.581655 1286.661377
 117.581554 1286.728394
 117.932623 1286.728394
 118.932523 1286.768188
 119.932422 1286.768188
 120.281790 1286.768188
 121.281689 1286.749878
 122.281589 1286.792358
 122.685704 1286.795532
 123.685604 1286.789429
 124.685504 1286.798462
 125.034755 1286.810669
 126.034654 1286.835083
 127.034554 1286.835083
 127.382263 1286.868652
 128.382163 1286.972290
 129.382062 1286.975342
 129.729771 1286.975342
 130.729671 1287.011963
 131.729571 1286.990601
 132.059084 1286.990601
 133.058984 1287.060669
 134.058883 1287.075928
 134.406558 1287.075928
 135.406457 1287.063721
 136.406357 1287.121582
 136.824102 1287.121582
 137.824001 1287.149170
 138.823901 1287.164307
 139.225284 1287.182617
 140.225183 1287.182617
 141.225083 1287.225342
 141.563921 1287.225342
 142.563820 1287.219238
 143.563720 1287.289307
 143.871446 1287.289307
 144.871346 1287.295410
 145.871245 1287.350220
 146.143648 1287.350220
 147.143547 1287.344116
 148.143447 1287.347168
 148.492378 1287.395996
 149.492278 1287.353271
 150.492177 1287.338013
 150.833142 1287.338013
 151.833042 1287.414185
 152.832941 1287.438599
 153.185679 1287.414185
 154.185579 1287.417358
 155.185479 1287.395996
 155.537520 1287.420288
 156.537420 1287.508667
 157.537319 1287.612427
 157.872555 1287.612427
 158.872454 1287.624634
 159.872354 1287.676392
 160.160662 1287.676392
 161.160562 1287.667236
 162.160461 1287.700806
 162.267869 1287.700806
 163.267769 1287.700806
 164.267669 1287.716064
 164.676429 1287.743408
 165.676328 1287.777100
 166.676228 1287.859253
 166.972997 1287.859253
 167.972896 1287.907959
 168.972796 1287.889648
 169.311321 1287.917236
 170.311221 1287.911133
 171.311121 1287.981201
 171.649646 1287.984253
 172.649546 1288.029907
 173.649445 1288.078735
 174.112363 1288.078735
 175.112263 1288.081787
 176.112162 1288.097046
 176.521642 1288.097046
 177.521541 1288.127563
 178.521441 1288.127563
 178.837283 1288.163940
 179.837183 1288.148804
 180.837082 1288.179321
 181.180537 1288.292114
 182.180436 1288.292114
 183.180336 1288.267700
 183.593088 1288.325562
 184.592987 1288.270752
 185.592887 1288.343872
 185.916222 1288.356079
 186.916122 1288.343872
 187.916022 1288.365234
 188.255919 1288.362183
 189.255818 1288.362183
 190.255718 1288.353027
 190.564793 1288.368286
 191.564692 1288.368286
 192.564592 1288.383545
 192.873667 1288.456787
 193.873566 1288.456787
 194.873466 1288.438477
 195.182541 1288.438477
 196.182441 1288.395752
 197.182340 1288.392578
 197.491415 1288.392578
 198.491315 1288.407959
 199.491214 1288.432373
 199.803416 1288.432373
 200.803315 1288.514648
 201.803215 1288.535889
 201.993214 1288.520752
 202.993113 1288.603027
 203.558073 1288.645630
 204.557973 1288.688354
 205.067278 1288.688354
 205.852383 1288.700562
 206.637489 1288.697388
 207.422594 1288.712769
 208.207699 1288.746216
